3.329999162815511e-05,
2.2299995180219412e-05,
2.190002123825252e-05,
2.509998739697039e-05,
2.1599989850074053e-05,
2.47000134550035e-05,
2.3200002033263445e-05,
2.400000812485814e-05,
3.270001616328955e-05,
2.2099993657320738e-05,
2.160001895390451e-05,
2.4999986635521054e-05,
2.190002123825252e-05,
2.1899992134422064e-05,
2.3800006601959467e-05,
2.190002123825252e-05,
2.4500011932104826e-05,
2.4699984351173043e-05,
2.2799998987466097e-05,
2.3500004317611456e-05,
2.4599983589723706e-05,
2.2199994418770075e-05,
2.3200002033263445e-05,
2.169999061152339e-05,
2.440001117065549e-05,
2.3500004317611456e-05,
2.5599991204217076e-05,
2.340000355616212e-05,
2.340000355616212e-05,
2.340000355616212e-05,
2.5600020308047533e-05,
2.4300010409206152e-05,
2.950002090074122e-05,
2.449998282827437e-05,
2.340000355616212e-05,
2.850001328624785e-05,
2.3900007363408804e-05,
2.3800006601959467e-05,
4.9299997044727206e-05,
2.7000001864507794e-05,
3.880000440403819e-05,
2.1499989088624716e-05,
2.4500011932104826e-05,
2.300000051036477e-05,
2.19999928958714e-05,
2.3300002794712782e-05,
2.1100015146657825e-05,
2.2199994418770075e-05,
2.4299981305375695e-05,
2.1700019715353847e-05,
2.3800006601959467e-05,
2.5899993488565087e-05,
2.3100001271814108e-05,
2.370000584051013e-05,
2.1799991372972727e-05,
2.1599989850074053e-05,
2.3600005079060793e-05,
2.2099993657320738e-05,
2.3500004317611456e-05,
3.920000744983554e-05,
2.3500004317611456e-05,
2.95999925583601e-05,
2.4200009647756815e-05,
2.2199994418770075e-05,
2.4100008886307478e-05,
2.1799991372972727e-05,
2.300000051036477e-05,
2.9399991035461426e-05,
2.7900008717551827e-05,
2.19999928958714e-05,
2.2299995180219412e-05,
2.4699984351173043e-05,
2.1499989088624716e-05,
2.3399974452331662e-05,
2.139998832717538e-05,
2.169999061152339e-05,
2.570002106949687e-05,
2.19999928958714e-05,
2.2099993657320738e-05,
2.3900007363408804e-05,
2.2099993657320738e-05,
2.1899992134422064e-05,
2.5299988919869065e-05,
2.4100008886307478e-05,
2.1700019715353847e-05,
2.3500004317611456e-05,
2.2299995180219412e-05,
2.3699976736679673e-05,
2.5399989681318402e-05,
2.269999822601676e-05,
3.0800001695752144e-05,
3.060000017285347e-05,
2.300000051036477e-05,
2.4899985874071717e-05,
2.370000584051013e-05,
2.3800006601959467e-05,
3.160000778734684e-05,
2.340000355616212e-05,
2.3500004317611456e-05,
2.2100022761151195e-05
