0.0018847000028472394,
0.00021130000823177397,
0.00022410001838579774,
0.00023780000628903508,
0.00023659999715164304,
0.0002235999854747206,
0.00026050000451505184,
0.00022539999918080866,
0.00023100001271814108,
0.0002677000011317432,
0.00022899999748915434,
0.0002277999883517623,
0.0002508000179659575,
0.00022460002219304442,
0.00023129998589865863,
0.0002750999992713332,
0.00034970001433975995,
0.00022670000907965004,
0.00023030000738799572,
0.00024599998141638935,
0.00043119999463669956,
0.00048090002383105457,
0.0002580000145826489,
0.00021340002422221005,
0.0002355000178795308,
0.00023380000493489206,
0.00021830000332556665,
0.0002395000192336738,
0.00024759999359957874,
0.0002327999973203987,
0.0002339000056963414,
0.00028310000197961926,
0.00022340001305565238,
0.0002361999941058457,
0.001492300012614578,
0.0002271000121254474,
0.00024279998615384102,
0.00022299998090602458,
0.00022489999537356198,
0.00022509999689646065,
0.00035280000884085894,
0.00024759999359957874,
0.00025060001644305885,
0.0002314999874215573,
0.001270500011742115,
0.00022759998682886362,
0.0002610000083222985,
0.000228599994443357,
0.0002730999840423465,
0.00023549998877570033,
0.00026980001712217927,
0.0002463000128045678,
0.00022769998759031296,
0.00023529998725280166,
0.00024049999774433672,
0.00022709998302161694,
0.00023990002227947116,
0.0002423000114504248,
0.00022149999858811498,
0.000228899996727705,
0.0002401999954599887,
0.00022350001381710172,
0.00024130000383593142,
0.00023200002033263445,
0.0002632999967318028,
0.00025069998810067773,
0.0002447000006213784,
0.00023850001161918044,
0.00023510001483373344,
0.00023780000628903508,
0.00022620000527240336,
0.000225499999942258,
0.00022670000907965004,
0.0002330999996047467,
0.0002530000056140125,
0.00024110000231303275,
0.00020670000230893493,
0.0002668999950401485,
0.00022879999596625566,
0.0003279999946244061,
0.00022760001593269408,
0.0002327999973203987,
0.00022760001593269408,
0.0003428999916650355,
0.0002285000227857381,
0.0002280999906361103,
0.00023299999884329736,
0.00022770001669414341,
0.0002502999850548804,
0.0002511999919079244,
0.00023090001195669174,
0.00022629997693002224,
0.0002749999985098839,
0.00024240001221187413,
0.0011757999891415238,
0.00024939997820183635
