3.479997394606471e-05,
2.2099993657320738e-05,
2.2799998987466097e-05,
2.2199994418770075e-05,
2.3499975213781e-05,
2.19999928958714e-05,
2.160001895390451e-05,
2.1899992134422064e-05,
2.1800020476803184e-05,
2.6699999580159783e-05,
2.1799991372972727e-05,
2.169999061152339e-05,
2.2499996703118086e-05,
2.169999061152339e-05,
2.3600005079060793e-05,
2.2299995180219412e-05,
2.4100008886307478e-05,
2.1700019715353847e-05,
2.500001573935151e-05,
2.1899992134422064e-05,
2.4399982066825032e-05,
2.169999061152339e-05,
2.2199994418770075e-05,
3.949998063035309e-05,
2.1799991372972727e-05,
2.440001117065549e-05,
2.2499996703118086e-05,
2.4899985874071717e-05,
2.13000166695565e-05,
2.4300010409206152e-05,
2.099998528137803e-05,
2.190002123825252e-05,
2.3600005079060793e-05,
2.1599989850074053e-05,
2.340000355616212e-05,
3.899997682310641e-05,
2.1599989850074053e-05,
2.4999986635521054e-05,
2.2799998987466097e-05,
3.0199997127056122e-05,
3.2800016924738884e-05,
2.3800006601959467e-05,
2.4300010409206152e-05,
2.1400017431005836e-05,
2.160001895390451e-05,
2.820001100189984e-05,
2.1899992134422064e-05,
2.1499989088624716e-05,
2.239999594166875e-05,
2.3100001271814108e-05,
2.1199986804276705e-05,
2.4300010409206152e-05,
2.4200009647756815e-05,
2.4800014216452837e-05,
2.239999594166875e-05,
2.3900007363408804e-05,
2.8999987989664078e-05,
2.169999061152339e-05,
2.1599989850074053e-05,
2.2199994418770075e-05,
2.1500018192455173e-05,
2.269999822601676e-05,
2.190002123825252e-05,
2.3900007363408804e-05,
2.1500018192455173e-05,
2.4699984351173043e-05,
2.13000166695565e-05,
2.3900007363408804e-05,
2.3800006601959467e-05,
2.400000812485814e-05,
2.2500025806948543e-05,
2.1099986042827368e-05,
2.169999061152339e-05,
2.19999928958714e-05,
2.1700019715353847e-05,
2.13000166695565e-05,
1.8999999156221747e-05,
2.1599989850074053e-05,
2.1599989850074053e-05,
2.3600005079060793e-05,
2.300000051036477e-05,
2.1899992134422064e-05,
2.1800020476803184e-05,
2.269999822601676e-05,
2.13000166695565e-05,
2.1799991372972727e-05,
2.1099986042827368e-05,
2.1599989850074053e-05,
2.239999594166875e-05,
2.190002123825252e-05,
2.190002123825252e-05,
2.1499989088624716e-05,
2.169999061152339e-05,
2.5600020308047533e-05,
2.169999061152339e-05,
2.169999061152339e-05,
2.1599989850074053e-05,
2.3500004317611456e-05,
5.289999535307288e-05,
2.19999928958714e-05,
2.1800020476803184e-05,
2.1700019715353847e-05,
2.2599997464567423e-05,
2.1800020476803184e-05,
2.2199994418770075e-05,
2.2099993657320738e-05,
2.239999594166875e-05,
2.47000134550035e-05,
2.19999928958714e-05,
2.1700019715353847e-05,
2.1599989850074053e-05,
2.1499989088624716e-05,
2.139998832717538e-05,
2.19999928958714e-05,
2.3300002794712782e-05,
2.1899992134422064e-05,
2.1700019715353847e-05,
2.1500018192455173e-05,
2.1799991372972727e-05,
2.1899992134422064e-05,
2.1800020476803184e-05,
2.2899999748915434e-05,
2.2799998987466097e-05,
2.1799991372972727e-05,
2.169999061152339e-05,
2.3200002033263445e-05,
2.47000134550035e-05,
2.1499989088624716e-05,
2.1400017431005836e-05,
2.1099986042827368e-05,
2.1299987565726042e-05,
2.1899992134422064e-05,
2.3800006601959467e-05,
2.2099993657320738e-05,
2.1799991372972727e-05,
2.1799991372972727e-05,
2.13000166695565e-05,
2.300000051036477e-05,
2.1499989088624716e-05,
2.1500018192455173e-05,
2.2099993657320738e-05,
2.1199986804276705e-05,
2.220002352260053e-05,
2.1899992134422064e-05,
2.300000051036477e-05,
2.300000051036477e-05,
2.2099993657320738e-05,
2.1499989088624716e-05,
2.3999979021027684e-05,
2.2099993657320738e-05,
2.169999061152339e-05,
2.2199994418770075e-05,
2.2199994418770075e-05,
2.1599989850074053e-05,
2.239999594166875e-05,
2.1499989088624716e-05,
2.1499989088624716e-05,
2.160001895390451e-05,
2.169999061152339e-05,
2.1400017431005836e-05,
2.160001895390451e-05,
2.300000051036477e-05,
2.2100022761151195e-05,
2.169999061152339e-05,
2.169999061152339e-05,
2.3600005079060793e-05,
2.1400017431005836e-05,
2.3200002033263445e-05,
2.1599989850074053e-05,
2.169999061152339e-05,
2.169999061152339e-05,
2.5300018023699522e-05,
2.1899992134422064e-05,
2.3100001271814108e-05,
2.3300002794712782e-05,
2.1599989850074053e-05,
2.190002123825252e-05,
2.300000051036477e-05,
2.1899992134422064e-05,
2.1799991372972727e-05,
2.2499996703118086e-05,
2.400000812485814e-05,
2.3200002033263445e-05,
2.2499996703118086e-05,
2.239999594166875e-05,
2.239999594166875e-05,
2.2299995180219412e-05,
2.370000584051013e-05,
2.2799998987466097e-05,
2.2799998987466097e-05,
2.370000584051013e-05,
2.2599997464567423e-05,
2.3800006601959467e-05,
2.3200002033263445e-05,
2.300000051036477e-05,
2.440001117065549e-05,
2.4399982066825032e-05,
2.2799998987466097e-05,
2.3399974452331662e-05,
2.2499996703118086e-05,
2.2499996703118086e-05,
2.2099993657320738e-05,
2.2499996703118086e-05,
2.2499996703118086e-05,
2.260002656839788e-05,
2.409997978247702e-05,
2.2799998987466097e-05,
2.400000812485814e-05,
2.5599991204217076e-05,
2.3800006601959467e-05,
2.3800006601959467e-05,
3.10999748762697e-05,
2.300000051036477e-05,
2.2500025806948543e-05,
3.130000550299883e-05,
2.2000021999701858e-05,
2.400000812485814e-05,
2.2199994418770075e-05,
2.340000355616212e-05,
2.6299996534362435e-05,
2.239999594166875e-05,
2.269999822601676e-05,
2.2400025045499206e-05,
2.4100008886307478e-05,
2.239999594166875e-05,
2.169999061152339e-05,
2.2599997464567423e-05,
2.2100022761151195e-05,
2.4699984351173043e-05,
2.1800020476803184e-05,
2.19999928958714e-05,
2.1899992134422064e-05,
2.190002123825252e-05,
2.2499996703118086e-05,
2.2099993657320738e-05,
3.270001616328955e-05,
2.2000021999701858e-05,
2.340000355616212e-05,
2.1800020476803184e-05,
2.160001895390451e-05,
2.4300010409206152e-05,
2.2499996703118086e-05,
2.19999928958714e-05,
2.3100001271814108e-05,
2.340000355616212e-05,
2.19999928958714e-05,
2.2799998987466097e-05,
2.1499989088624716e-05,
2.269999822601676e-05,
2.190002123825252e-05,
2.169999061152339e-05,
2.3100001271814108e-05,
2.2100022761151195e-05,
2.4900014977902174e-05,
2.2799998987466097e-05,
2.2199994418770075e-05,
2.3600005079060793e-05,
2.19999928958714e-05,
2.309997216798365e-05,
3.0800001695752144e-05,
2.19999928958714e-05,
2.220002352260053e-05,
2.190002123825252e-05,
2.1499989088624716e-05,
2.47000134550035e-05,
2.3900007363408804e-05,
2.2199994418770075e-05,
2.4800014216452837e-05,
2.2299995180219412e-05,
2.1299987565726042e-05,
2.3100001271814108e-05,
2.139998832717538e-05,
2.1500018192455173e-05,
2.2499996703118086e-05,
2.1400017431005836e-05,
2.1599989850074053e-05,
2.300000051036477e-05,
2.169999061152339e-05,
2.13000166695565e-05,
2.1299987565726042e-05,
2.169999061152339e-05,
2.2199994418770075e-05,
2.1700019715353847e-05,
2.269999822601676e-05,
2.2400025045499206e-05,
2.2299995180219412e-05,
2.1199986804276705e-05,
2.1700019715353847e-05,
2.169999061152339e-05,
2.1899992134422064e-05,
2.169999061152339e-05,
2.1599989850074053e-05,
2.1799991372972727e-05,
2.169999061152339e-05,
2.2099993657320738e-05,
2.139998832717538e-05,
2.160001895390451e-05,
2.169999061152339e-05,
2.1500018192455173e-05,
2.1499989088624716e-05,
2.2099993657320738e-05,
2.1499989088624716e-05,
2.1700019715353847e-05,
2.1599989850074053e-05,
2.2499996703118086e-05,
2.1899992134422064e-05,
2.3300002794712782e-05,
2.13000166695565e-05,
2.2599997464567423e-05,
2.2099993657320738e-05,
2.19999928958714e-05,
2.2299995180219412e-05,
2.2899999748915434e-05,
2.1799991372972727e-05,
2.2199994418770075e-05,
2.340000355616212e-05,
2.3500004317611456e-05,
2.269999822601676e-05,
2.2099993657320738e-05,
2.3500004317611456e-05,
2.2099993657320738e-05,
2.3100001271814108e-05,
3.440000000409782e-05,
2.269999822601676e-05,
3.260001540184021e-05,
2.230002428404987e-05,
2.1499989088624716e-05,
2.1499989088624716e-05,
2.2799998987466097e-05,
2.2899999748915434e-05,
2.2599997464567423e-05,
2.3300002794712782e-05,
2.2100022761151195e-05,
2.1499989088624716e-05,
2.220002352260053e-05,
2.2000021999701858e-05,
2.549999044276774e-05,
2.3200002033263445e-05,
2.2499996703118086e-05,
2.3599975975230336e-05,
2.340000355616212e-05,
2.3300002794712782e-05,
2.4100008886307478e-05,
2.2299995180219412e-05,
2.1899992134422064e-05,
2.2799998987466097e-05,
2.3599975975230336e-05,
2.239999594166875e-05,
2.3600005079060793e-05,
2.3699976736679673e-05,
2.2599997464567423e-05,
2.370000584051013e-05,
3.120000474154949e-05,
2.4600012693554163e-05,
2.1799991372972727e-05,
2.3299973690882325e-05,
2.269999822601676e-05,
3.090000245720148e-05,
2.4100008886307478e-05,
2.2299995180219412e-05,
2.2199994418770075e-05,
2.2799998987466097e-05,
2.309997216798365e-05,
2.4200009647756815e-05,
2.3800006601959467e-05,
2.3600005079060793e-05,
2.5199988158419728e-05,
2.269999822601676e-05,
2.2499996703118086e-05,
2.4100008886307478e-05,
2.239999594166875e-05,
2.2899999748915434e-05,
2.3600005079060793e-05,
2.300000051036477e-05,
2.4199980543926358e-05,
2.169999061152339e-05,
2.13000166695565e-05,
4.6600005589425564e-05,
2.1199986804276705e-05,
2.340000355616212e-05,
2.13000166695565e-05,
2.1700019715353847e-05,
2.13000166695565e-05,
2.1800020476803184e-05,
2.2499996703118086e-05,
2.190002123825252e-05,
2.1299987565726042e-05,
2.19999928958714e-05,
2.1799991372972727e-05,
2.300000051036477e-05,
2.300000051036477e-05,
2.1700019715353847e-05,
2.169999061152339e-05,
2.3100001271814108e-05,
2.1899992134422064e-05,
2.1899992134422064e-05,
2.2799998987466097e-05,
2.1899992134422064e-05,
2.2599997464567423e-05,
2.139998832717538e-05,
2.3100001271814108e-05,
2.169999061152339e-05,
2.19999928958714e-05,
2.169999061152339e-05,
2.239999594166875e-05,
2.1400017431005836e-05,
2.1599989850074053e-05,
2.1599989850074053e-05,
2.1400017431005836e-05,
2.2100022761151195e-05,
2.169999061152339e-05,
2.1599989850074053e-05,
2.160001895390451e-05,
2.1500018192455173e-05,
2.1499989088624716e-05,
2.1499989088624716e-05,
2.1400017431005836e-05,
2.3500004317611456e-05,
2.1799991372972727e-05,
2.1899992134422064e-05,
2.1599989850074053e-05,
2.1599989850074053e-05,
2.139998832717538e-05,
2.3199972929432988e-05,
2.190002123825252e-05,
2.1499989088624716e-05,
2.169999061152339e-05,
2.1700019715353847e-05,
2.1799991372972727e-05,
2.3200002033263445e-05,
2.13000166695565e-05,
2.3500004317611456e-05,
2.3500004317611456e-05,
2.1499989088624716e-05,
2.1800020476803184e-05,
2.1500018192455173e-05,
2.1499989088624716e-05,
2.1799991372972727e-05,
2.1899992134422064e-05,
2.1599989850074053e-05,
2.13000166695565e-05,
2.120001590810716e-05,
2.13000166695565e-05,
2.1500018192455173e-05,
2.449998282827437e-05,
2.1800020476803184e-05,
2.1799991372972727e-05,
2.1700019715353847e-05,
2.1700019715353847e-05,
2.169999061152339e-05,
2.1899992134422064e-05,
2.1700019715353847e-05,
2.3600005079060793e-05,
2.1800020476803184e-05,
2.1499989088624716e-05,
2.19999928958714e-05,
2.2199994418770075e-05,
2.2899999748915434e-05,
2.190002123825252e-05,
2.120001590810716e-05,
2.1599989850074053e-05,
2.1400017431005836e-05,
2.139998832717538e-05,
2.1799991372972727e-05,
2.1899992134422064e-05,
2.2599997464567423e-05,
2.1800020476803184e-05,
2.2099993657320738e-05,
3.470000228844583e-05,
2.1799991372972727e-05,
2.2199994418770075e-05,
2.1499989088624716e-05,
2.1299987565726042e-05,
2.3300002794712782e-05,
2.1599989850074053e-05,
2.160001895390451e-05,
2.1599989850074053e-05,
2.1299987565726042e-05,
2.2299995180219412e-05,
2.2099993657320738e-05,
2.19999928958714e-05,
2.1799991372972727e-05,
2.2799998987466097e-05,
2.239999594166875e-05,
2.2099993657320738e-05,
2.1500018192455173e-05,
2.220002352260053e-05,
2.269999822601676e-05,
2.19999928958714e-05,
2.300000051036477e-05,
2.2100022761151195e-05,
2.549999044276774e-05,
2.1899992134422064e-05,
2.269999822601676e-05,
2.2100022761151195e-05,
2.230002428404987e-05,
2.19999928958714e-05,
2.1400017431005836e-05,
2.239999594166875e-05,
2.2899999748915434e-05,
2.1500018192455173e-05,
2.1499989088624716e-05,
2.3300002794712782e-05,
2.3600005079060793e-05,
2.1899992134422064e-05,
2.239999594166875e-05,
2.2799998987466097e-05,
2.549999044276774e-05,
2.8199981898069382e-05,
2.4200009647756815e-05,
2.3200002033263445e-05,
2.1899992134422064e-05,
2.4300010409206152e-05,
2.1400017431005836e-05,
2.1500018192455173e-05,
2.160001895390451e-05,
2.3100001271814108e-05,
2.169999061152339e-05,
2.1700019715353847e-05,
2.120001590810716e-05,
3.399999695830047e-05,
2.1400017431005836e-05,
2.2599997464567423e-05,
2.160001895390451e-05,
2.300000051036477e-05,
2.1599989850074053e-05,
2.139998832717538e-05,
2.160001895390451e-05,
2.269999822601676e-05,
2.1400017431005836e-05,
2.1400017431005836e-05,
2.1899992134422064e-05,
2.1899992134422064e-05,
2.160001895390451e-05,
2.1599989850074053e-05,
2.19999928958714e-05,
2.169999061152339e-05,
2.2299995180219412e-05,
2.1500018192455173e-05,
2.239999594166875e-05,
2.1100015146657825e-05,
2.440001117065549e-05,
2.2799998987466097e-05,
2.1500018192455173e-05,
2.139998832717538e-05,
2.1099986042827368e-05,
2.2000021999701858e-05,
1.4299992471933365e-05,
2.1799991372972727e-05,
2.1599989850074053e-05,
2.160001895390451e-05,
2.1400017431005836e-05,
2.3100001271814108e-05,
2.300000051036477e-05,
2.160001895390451e-05,
2.1299987565726042e-05,
2.2799998987466097e-05,
2.139998832717538e-05,
2.139998832717538e-05,
2.1599989850074053e-05,
2.1599989850074053e-05,
3.239998477511108e-05,
2.3100001271814108e-05,
2.139998832717538e-05,
2.2299995180219412e-05,
2.1799991372972727e-05,
2.169999061152339e-05,
2.3999979021027684e-05,
2.19999928958714e-05,
2.19999928958714e-05,
2.5399989681318402e-05,
2.400000812485814e-05,
2.1700019715353847e-05,
2.2099993657320738e-05,
2.2000021999701858e-05,
2.1799991372972727e-05,
2.1799991372972727e-05,
2.2099993657320738e-05,
2.169999061152339e-05,
2.269999822601676e-05,
2.1599989850074053e-05,
2.2199994418770075e-05,
2.1899992134422064e-05,
2.1899992134422064e-05,
2.2799998987466097e-05,
2.1899992134422064e-05,
2.3200002033263445e-05,
2.3300002794712782e-05,
2.1899992134422064e-05,
2.1100015146657825e-05,
2.139998832717538e-05,
2.3300002794712782e-05,
2.2899999748915434e-05,
2.19999928958714e-05,
2.1799991372972727e-05,
2.1899992134422064e-05,
2.1700019715353847e-05,
2.300000051036477e-05,
2.269999822601676e-05,
2.169999061152339e-05,
2.440001117065549e-05,
2.2899999748915434e-05,
2.1799991372972727e-05,
2.1099986042827368e-05,
2.169999061152339e-05,
2.1799991372972727e-05,
2.1799991372972727e-05,
2.160001895390451e-05,
2.2799998987466097e-05,
2.1799991372972727e-05,
2.13000166695565e-05,
2.3300002794712782e-05,
2.1800020476803184e-05,
2.1899992134422064e-05,
2.1599989850074053e-05,
2.2099993657320738e-05,
2.2599997464567423e-05,
2.1799991372972727e-05,
2.1599989850074053e-05,
2.300000051036477e-05,
2.300000051036477e-05,
2.1499989088624716e-05,
2.309997216798365e-05,
2.13000166695565e-05,
2.440001117065549e-05,
3.1100003980100155e-05,
3.779999678954482e-05,
2.3300002794712782e-05,
2.3100001271814108e-05,
2.549999044276774e-05,
2.3900007363408804e-05,
2.2599997464567423e-05,
1.3100012438371778e-05,
2.2299995180219412e-05,
2.269999822601676e-05,
2.8300011763349175e-05,
2.1500018192455173e-05,
2.160001895390451e-05,
2.400000812485814e-05,
2.1500018192455173e-05,
2.2099993657320738e-05,
2.3200002033263445e-05,
2.13000166695565e-05,
2.2100022761151195e-05,
2.1800020476803184e-05,
2.269999822601676e-05,
2.2499996703118086e-05,
2.2199994418770075e-05,
2.1599989850074053e-05,
2.169999061152339e-05,
2.13000166695565e-05,
2.1599989850074053e-05,
2.1400017431005836e-05,
2.169999061152339e-05,
2.1599989850074053e-05,
2.160001895390451e-05,
2.5200017262250185e-05,
2.1499989088624716e-05,
2.2599997464567423e-05,
2.1400017431005836e-05,
2.1400017431005836e-05,
2.2099993657320738e-05,
2.120001590810716e-05,
2.1899992134422064e-05,
2.190002123825252e-05,
2.160001895390451e-05,
2.169999061152339e-05,
2.269999822601676e-05,
2.1799991372972727e-05,
2.1899992134422064e-05,
2.19999928958714e-05,
2.3100001271814108e-05,
2.169999061152339e-05,
2.2499996703118086e-05,
2.1599989850074053e-05,
2.1599989850074053e-05,
2.19999928958714e-05,
2.1599989850074053e-05,
2.1799991372972727e-05,
2.340000355616212e-05,
2.1700019715353847e-05,
2.1599989850074053e-05,
2.1599989850074053e-05,
2.169999061152339e-05,
2.1599989850074053e-05,
2.340000355616212e-05,
2.2899999748915434e-05,
2.1799991372972727e-05,
2.169999061152339e-05,
2.3800006601959467e-05,
2.4399982066825032e-05,
2.300000051036477e-05,
2.300000051036477e-05,
5.590001819655299e-05,
2.300000051036477e-05,
2.4599983589723706e-05,
2.8699985705316067e-05,
3.3100019209086895e-05,
2.1799991372972727e-05,
2.169999061152339e-05,
2.139998832717538e-05,
2.1599989850074053e-05,
2.1799991372972727e-05,
2.160001895390451e-05,
2.5299988919869065e-05,
2.1299987565726042e-05,
2.300000051036477e-05,
2.1800020476803184e-05,
2.3699976736679673e-05,
2.139998832717538e-05,
2.160001895390451e-05,
2.2199994418770075e-05,
2.3600005079060793e-05,
2.190002123825252e-05,
2.3900007363408804e-05,
2.3100001271814108e-05,
7.670000195503235e-05,
2.160001895390451e-05,
2.239999594166875e-05,
2.2000021999701858e-05,
2.1599989850074053e-05,
2.1499989088624716e-05,
2.1899992134422064e-05,
2.169999061152339e-05,
2.2599997464567423e-05,
2.169999061152339e-05,
2.1799991372972727e-05,
2.160001895390451e-05,
2.1400017431005836e-05,
2.169999061152339e-05,
2.169999061152339e-05,
2.19999928958714e-05,
3.309999010525644e-05,
2.2100022761151195e-05,
2.2299995180219412e-05,
2.1899992134422064e-05,
2.1599989850074053e-05,
2.099998528137803e-05,
2.1499989088624716e-05,
2.2500025806948543e-05,
2.2899999748915434e-05,
2.269999822601676e-05,
2.169999061152339e-05,
2.3499975213781e-05,
2.2599997464567423e-05,
2.3500004317611456e-05,
2.2299995180219412e-05,
2.1299987565726042e-05,
2.13000166695565e-05,
2.1499989088624716e-05,
2.2899999748915434e-05,
2.340000355616212e-05,
2.549999044276774e-05,
2.2299995180219412e-05,
2.19999928958714e-05,
2.1800020476803184e-05,
2.2199994418770075e-05,
2.19999928958714e-05,
2.190002123825252e-05,
2.19999928958714e-05,
2.169999061152339e-05,
2.1700019715353847e-05,
2.3600005079060793e-05,
2.1500018192455173e-05,
2.1700019715353847e-05,
2.1899992134422064e-05,
2.19999928958714e-05,
2.1799991372972727e-05,
2.3600005079060793e-05,
2.160001895390451e-05,
2.1800020476803184e-05,
2.300000051036477e-05,
2.169999061152339e-05,
2.3800006601959467e-05,
2.1400017431005836e-05,
2.190002123825252e-05,
2.1800020476803184e-05,
2.4600012693554163e-05,
2.169999061152339e-05,
2.269999822601676e-05,
2.1299987565726042e-05,
2.370000584051013e-05,
2.2199994418770075e-05,
2.099998528137803e-05,
2.1499989088624716e-05,
2.1799991372972727e-05,
2.169999061152339e-05,
2.1499989088624716e-05,
2.2299995180219412e-05,
2.139998832717538e-05,
2.1799991372972727e-05,
2.1899992134422064e-05,
2.1799991372972727e-05,
2.190002123825252e-05,
2.2499996703118086e-05,
2.1500018192455173e-05,
2.340000355616212e-05,
2.190002123825252e-05,
2.120001590810716e-05,
2.19999928958714e-05,
2.1899992134422064e-05,
2.13000166695565e-05,
2.2400025045499206e-05,
2.1899992134422064e-05,
2.1599989850074053e-05,
2.139998832717538e-05,
2.1799991372972727e-05,
2.3899978259578347e-05,
2.710000262595713e-05,
2.3600005079060793e-05,
2.340000355616212e-05,
2.3100001271814108e-05,
2.4600012693554163e-05,
2.1599989850074053e-05,
2.3300002794712782e-05,
2.1599989850074053e-05,
2.1899992134422064e-05,
2.1899992134422064e-05,
3.4100026823580265e-05,
2.169999061152339e-05,
2.1700019715353847e-05,
2.160001895390451e-05,
2.1599989850074053e-05,
2.1499989088624716e-05,
3.070000093430281e-05,
2.1899992134422064e-05,
2.13000166695565e-05,
2.1400017431005836e-05,
2.2499996703118086e-05,
2.3300002794712782e-05,
2.169999061152339e-05,
2.1800020476803184e-05,
2.190002123825252e-05,
2.1799991372972727e-05,
2.269999822601676e-05,
2.2799998987466097e-05,
2.1599989850074053e-05,
2.1499989088624716e-05,
2.2799998987466097e-05,
2.2000021999701858e-05,
2.2199994418770075e-05,
2.2000021999701858e-05,
2.4599983589723706e-05,
2.1799991372972727e-05,
2.2599997464567423e-05,
2.19999928958714e-05,
2.1899992134422064e-05,
2.1299987565726042e-05,
2.3900007363408804e-05,
3.100000321865082e-05,
2.2299995180219412e-05,
2.1799991372972727e-05,
2.1799991372972727e-05,
2.1700019715353847e-05,
2.1599989850074053e-05,
2.19999928958714e-05,
2.169999061152339e-05,
2.300000051036477e-05,
2.3100001271814108e-05,
2.160001895390451e-05,
2.160001895390451e-05,
2.1800020476803184e-05,
2.139998832717538e-05,
2.1700019715353847e-05,
2.1599989850074053e-05,
2.160001895390451e-05,
2.139998832717538e-05,
2.1700019715353847e-05,
2.500001573935151e-05,
2.3300002794712782e-05,
2.370000584051013e-05,
3.480000304989517e-05,
2.1499989088624716e-05,
2.1899992134422064e-05,
2.300000051036477e-05,
2.1400017431005836e-05,
2.169999061152339e-05,
2.1899992134422064e-05,
2.1700019715353847e-05,
2.2799998987466097e-05,
6.160000339150429e-05,
2.239999594166875e-05,
2.479998511262238e-05,
2.570002106949687e-05,
2.3500004317611456e-05,
2.3600005079060793e-05,
2.269999822601676e-05,
2.2799998987466097e-05,
2.2199994418770075e-05,
2.2199994418770075e-05,
2.139998832717538e-05,
2.139998832717538e-05,
2.1799991372972727e-05,
2.1799991372972727e-05,
2.2199994418770075e-05,
2.1299987565726042e-05,
2.160001895390451e-05,
2.1599989850074053e-05,
2.2499996703118086e-05,
2.1599989850074053e-05,
2.3200002033263445e-05,
2.1800020476803184e-05,
2.1500018192455173e-05,
5.679999594576657e-05,
2.2599997464567423e-05,
2.19999928958714e-05,
2.3200002033263445e-05,
2.169999061152339e-05,
2.2899999748915434e-05,
2.1599989850074053e-05,
2.4599983589723706e-05,
2.2499996703118086e-05,
2.1599989850074053e-05,
2.1799991372972727e-05,
2.1799991372972727e-05,
2.2299995180219412e-05,
2.1499989088624716e-05,
2.1499989088624716e-05,
2.1400017431005836e-05,
2.269999822601676e-05,
2.1500018192455173e-05,
2.1299987565726042e-05,
2.880001557059586e-05,
2.160001895390451e-05,
2.1500018192455173e-05,
2.2899999748915434e-05,
2.4300010409206152e-05,
2.370000584051013e-05,
2.540001878514886e-05,
2.3300002794712782e-05,
2.4299981305375695e-05,
2.300000051036477e-05,
2.1899992134422064e-05,
2.4399982066825032e-05,
2.1500018192455173e-05,
2.1400017431005836e-05,
2.169999061152339e-05,
2.2099993657320738e-05,
2.1299987565726042e-05,
2.169999061152339e-05,
2.1799991372972727e-05,
2.3100001271814108e-05,
2.239999594166875e-05,
2.19999928958714e-05,
2.1499989088624716e-05,
2.2099993657320738e-05,
2.1599989850074053e-05,
2.5300018023699522e-05,
2.1799991372972727e-05,
2.1899992134422064e-05,
2.2599997464567423e-05,
2.1499989088624716e-05,
2.1199986804276705e-05,
2.2199994418770075e-05,
2.139998832717538e-05,
3.37999954354018e-05,
2.2000021999701858e-05,
2.1700019715353847e-05,
2.1899992134422064e-05,
2.1800020476803184e-05,
2.169999061152339e-05,
2.1199986804276705e-05,
2.160001895390451e-05,
1.300001167692244e-05,
2.1299987565726042e-05,
2.1400017431005836e-05,
2.1599989850074053e-05,
2.1599989850074053e-05,
2.269999822601676e-05,
2.2199994418770075e-05,
2.1599989850074053e-05,
2.1500018192455173e-05,
2.1899992134422064e-05,
2.3500004317611456e-05,
2.160001895390451e-05,
2.3600005079060793e-05,
2.239999594166875e-05,
2.3100001271814108e-05,
2.2700027329847217e-05,
2.3900007363408804e-05,
2.3599975975230336e-05,
2.3300002794712782e-05,
2.169999061152339e-05,
2.169999061152339e-05,
2.2099993657320738e-05,
3.069997183047235e-05,
2.2199994418770075e-05,
2.230002428404987e-05,
2.3300002794712782e-05,
2.4100008886307478e-05,
2.5699991965666413e-05,
2.449998282827437e-05,
2.19999928958714e-05,
2.1599989850074053e-05,
2.379997749812901e-05,
2.2799998987466097e-05,
2.13000166695565e-05,
2.1700019715353847e-05,
2.2499996703118086e-05,
4.129999433644116e-05
