0.0002978999982587993,
0.0002094999945256859,
0.0002201999886892736,
0.00022079999325796962,
0.0003563000063877553,
0.0002069000038318336,
0.00021880000713281333,
0.00021430000197142363,
0.0002009000163525343,
0.00020599999697878957,
0.00021160001051612198,
0.00022690001060254872,
0.0002491999766789377,
0.0002072000061161816,
0.00020349997794255614,
0.00020790001144632697,
0.00021470000501722097,
0.00020619999850168824,
0.0002043000131379813,
0.00022990000434219837,
0.00020330000552348793,
0.00020490001770667732,
0.0002033999771811068,
0.0002175999979954213,
0.00032950000604614615,
0.00023979999241419137,
0.00025729998014867306,
0.0002355000178795308,
0.0002230999816674739,
0.00020370000856928527,
0.00022960000205785036,
0.0002334000018890947,
0.00023250002413988113,
0.00022690001060254872,
0.0004379000165499747,
0.00023370000417344272,
0.00022529999841935933,
0.0002367999986745417,
0.00022570000146515667,
0.00024189997930079699,
0.00023100001271814108,
0.00022739998530596495,
0.00022390001686289907,
0.00023299999884329736,
0.00023889998556114733,
0.0002238999877590686,
0.00022039999021217227,
0.00021919998107478023,
0.00023339997278526425,
0.00031159998616203666,
0.00029139997786842287,
0.000232299993513152,
0.00021440000273287296,
0.0002263000060338527,
0.00023159998818300664,
0.001981899986276403,
0.00023179998970590532,
0.000229199999012053,
0.00023419997887685895,
0.00022509999689646065,
0.00024319998919963837,
0.00022780001745559275,
0.0002243999915663153,
0.00027829999453388155,
0.0002452000044286251,
0.0002285000227857381,
0.00023029997828416526,
0.00020830001449212432,
0.0002269999822601676,
0.00022330001229420304,
0.00024589998065494,
0.00022980000358074903,
0.0002311999851372093,
0.0002376000047661364,
0.000246199982939288,
0.0002400000230409205,
0.0002502999850548804,
0.0002555999963078648,
0.0002305000089108944,
0.00023770000552758574,
0.00022709998302161694,
0.0002488000027369708,
0.0002620000159367919,
0.0002550000208429992,
0.000232299993513152,
0.0004062000080011785,
0.0003372000064700842,
0.0003546999942045659,
0.00023010000586509705,
0.00023600002168677747,
0.00023289999808184803,
0.00022459999308921397,
0.0002246999938506633,
0.00022700001136399806,
0.0003341000119689852,
0.00022819999139755964,
0.00022429999080486596,
0.0002443999983370304,
0.00022079999325796962,
0.0002463999844621867
